pve2.3-vm/101:0:MoodleSvr:stopped:0:1746944363:4:U:8589934592:U:129922760704:0:U:U:U:U
pve2-node/proxmox:67789:c:1746944363:0.17:20:0.00098941327792619:4.94706638963095e-05:134676570112:2799497216:8589930496:0:100861726720:15086796800:13706085:35533772
pve2.3-vm/100:0:TableauSvr:stopped:0:1746944363:8:U:34359738368:U:268435456000:0:U:U:U:U
pve2.3-vm/102:0:DESvr:stopped:0:1746944363:4:U:8589934592:U:214748364800:0:U:U:U:U
pve2-storage/proxmox/local-lvm:1746944363:3675141439488:51451980152
pve2-storage/proxmox/local:1746944363:100861726720:15086796800
